   Height  Weight  Age  Grip_strength  Frailty
0    65.8     112   30             30        0
1    71.5     136   19             31        0
2    69.4     153   45             29        0
3    68.2     142   22             28        1
4    67.8     144   29             24        1
5    68.7     123   50             26        0
6    69.8     141   51             22        1
7    70.1     136   23             20        1
8    67.9     112   17             19        0
9    66.8     120   39             31        0

Normalized Data:
     Height    Weight       Age  Grip_strength
0  0.000000  0.000000  0.382353       0.916667
1  1.000000  0.585366  0.058824       1.000000
2  0.631579  1.000000  0.823529       0.833333
3  0.421053  0.731707  0.147059       0.750000
4  0.350877  0.780488  0.352941       0.416667
5  0.508772  0.268293  0.970588       0.583333
6  0.701754  0.707317  1.000000       0.250000
7  0.754386  0.585366  0.176471       0.083333
8  0.368421  0.000000  0.000000       0.000000
9  0.175439  0.195122  0.647059       1.000000

Standardized Data:
     Height    Weight       Age  Grip_strength
0 -1.766641 -1.473912 -0.204911       0.932505
1  1.829735  0.303670 -1.106520       1.165631
2  0.504754  1.562791  1.024556       0.699379
3 -0.252377  0.748066 -0.860627       0.466252
4 -0.504754  0.896198 -0.286876      -0.466252
5  0.063094 -0.659187  1.434378       0.000000
6  0.757132  0.674000  1.516343      -0.932505
7  0.946415  0.303670 -0.778662      -1.398757
8 -0.441660 -1.473912 -1.270449      -1.631883
9 -1.135698 -0.881385  0.532769       1.165631

Outliers:
Empty DataFrame
Columns: [Height, Weight, Age, Grip_strength]
Index: []

